10
10
12
Fido
Rylie
Cooper
Boomer
Ruff
Lassie
Ollie
Princess
Lucy
Buffy
1   0   7
2   0   19
2   1   19
3   0   18
3   1   4
3   2   22
4   0   11
4   1   11
4   2   10
4   3   22
5   0   12
5   1   23
5   2   4
5   3   9
5   4   5
6   0   11
6   1   15
6   2   7
6   3   1
6   4   1
6   5   10
7   0   24
7   1   22
7   2   1
7   3   20
7   4   21
7   5   22
7   6   25
8   0   3
8   1   7
8   2   25
8   3   22
8   4   20
8   5   10
8   6   14
8   7   21
9   0   9
9   1   17
9   2   23
9   3   22
9   4   5
9   5   12
9   6   13
9   7   23
9   8   18
0   1
0   4
0   8
2   3
2   4
3   4
4   8
5   6
6   8
6   9
7   9
8   9